x
0.01212618
0.075025240000000007
0.9949211
0.04178549
0.8458139
0.2519243
0.6586562
0.06568139
0.1232681
7.129338e-4
0.08839748
0.007381703
0.271
0.974981
0.2497098
0.7734763
0.03618297
0.001750789
0.08846688
0.1380883
0.8469748
0.363041
0.1798738
0.9964795
0.941858
0.5461893
0.3367886
0.6235079
0.002649842
0.6738139
0.6793123
0.1167413
0.7954574
0.8524763
0.001164038
0.5741956
0.0627918
0.04164984
0.2710883
0.4470946
0.5621672
0.8167792
0.006425868
0.02806309
0.04525868
0.1701514
0.2819874
0.05393691
0.7211199
0.2026246
0.19746059999999999
0.2346467
0.3770095
0.8111735
0.5191262
0.2831199
0.143265
0.04046057
0.4200473
0.002984227
0.1857476
0.4265268
0.983489
0.7937098
0.7024984
0.5437224
0.4941041
0.8438013
0.3712429
0.5087129
0.9478139
0.4952965
0.01310726
0.4095079
0.7830095
0.1347445
0.1880536
0.7705363
0.04654574
0.2005331
0.1118517
0.008750789
0.05854574
0.1824101
0.2363281
0.4249495
0.2609968
0.01709779
0.0224795
0.6696309
0.4643249
0.01230284
0.9713975
0.004255521
0.002353312
0.07210095
0.9495174
0.08358675
0.2011609
0.5499937
0.3565205
0.5039621
0.1078549
0.5456593
0.3063817
0.638123
0.595041
0.7170284
0.9567729
4.100946e-4
0.01444164
0.7233754
0.4808013
0.01339117
0.6682934
0.732735
6.59306e-4
0.4862397
0.7815804
0.8185426
0.2150662
0.4122681
0.589246
0.4975521
0.05645741
0.01580442
0.4587413
0.5183849
0.8530978
0.002227129
0.01901893
0.9648076
0.1736562
0.3793028
0.0717918
0.09394322
0.455776
0.5205678
0.003429022
0.2893659
0.9104921
0.9993155
0.1104132
0.8344448
0.001321767
0.173612
0.0605836
0.8398139
0.3280315
0.5589117
0.002299685
0.5351262
0.4175931
0.8721104
0.002760252
9.463722e-5
0.02538486
0.04642271
0.4551009
0.4925899
0.2858517
0.3464385
0.9704416
0.3644448
0.2217224
0.9899748
0.06107256
0.232836
0.01403785
0.269858
0.3746435
0.848205
0.5480347
0.193795
0.1109306
0.8983312
0.0363817
0.009706625
0.3354385
0.07051104
0.1676372
0.8963754
0.3800631
0.01643533
0.9199148
0.004526814
0.01162461
0.6086688
0.2599874
0.3659685
0.7313344
0.4459085
0.3210347
0.2860158
0.08951104
0.2421861
0.06021767
0.1830631
0.2343943
0.2983565
0.7640442
0.1781483
0.04587697
0.5078297
0.9341293
0.7042965
0.3598076
0.4307413
0.2387035
0.2448991
0.08543218
0.3038675
0.9346688
0.3643091
0.7798517
0.9527098
0.6335268
0.2388896
0.4346246
0.05596845
0.1549905
0.4310347
0.4133691
0.6669306
0.1400694
0.01244479
0.1291199
0.2374637
0.3160032
0.3340662
0.01895584
0.1101987
0.4268265
0.203653
0.5639401
0.9924164
0.2670915
0.09675394
0.2126088
0.2254132
0.2291924
0.2222397
0.03937855
0.525959
0.2376625
0.8251767
0.3263407
0.2148833
0.005321767
0.02090536
0.004255521
0.0069653
0.3375079
0.00185489
0.1722271
0.06161199
0.1440662
0.2319432
0.7729558
0.03678864
0.805899
0.2420442
0.4190568
4.479495e-4
0.02842587
0.02870662
0.003444795
0.1223596
0.442164
0.09211987
0.5433249
0.6829653
0.827918
0.9360505
0.3118612
0.06190536
0.3194385
0.1545615
0.9036215
0.05706625
0.4174637
0.3307981
0.7226246
0.4633375
0.05223659
0.6442429
0.4248833
0.004485804
0.2282145
0.2206814
0.3654921
0.1727287
0.1102366
0.3963375
0.3141325
0.6466498
0.008785489
0.616571
0.7242145
0.8840032
0.1685079
0.02808517
0.5176751
0.0581388
0.05570347
0.1533028
0.7405741
0.09745426
0.9023596
0.73594
0.804675
0.002100946
0.1967603
0.04532492
0.3029085
0.3606972
0.166429
0.3982145
0.06194006
0.6283218
0.9455457
0.5747319
0.9737823
0.02080757
0.4983975
0.09107886
0.1354543
2.555205e-4
9.747634e-4
0.1588076
0.4487571
0.2251735
0.02308833
0.1091798
0.006176656
0.03996215
0.01955205
0.3470726
0.5865079
0.6239653
0.09557729
0.4524259
0.2396404
0.5930126
0.1008959
0.9657413
0.4590915
0.6183565
0.03319558
0.06590852
0.01498107
0.2746593
0.3837319
0.2293596
0.3369495
0.4826183
0.1406404
0.8101483
0.2292744
0.09221451
0.4050978
0.06067823
0.303817
0.06793691
0.1964164
0.03992114
0.6369306
0.8280095
0.2992744
0.8416972
0.6924259
0.3314606
0.5167603
0.4258801
0.8790347
0.8286088
0.3463943
0.9370568
0.09387697
0.8625962
0.4892303
0.6192618
0.4565899
0.06708202
0.7621798
0.7928675
0.0226877
0.8639968
0.180612
0.2134953
0.03022713
0.7931672
0.05246688
0.2176309
0.6106215
0.8311861
0.3877666
0.769634
0.2702776
0.001858044
0.9723912
0.1731073
0.386918
0.9730883
0.1439937
0.2532808
0.9655016
0.9281956
0.4139306
0.1768265
0.004722397
0.2800757
0.002810726
0.2082208
0.1323691
0.5871136
0.02652997
0.4377192
0.1142618
0.5725931
0.402511
0.9655016
0.0316183
0.02507886
0.006410095
0.163082
0.0845205
0.09571924
0.8029022
0.4138076
0.9485016
0.00962776
0.1564164
6.971609e-4
0.2413817
0.1895552
0.152795
0.1591767
0.01135016
0.2223091
0.3997634
0.3975237
0.07394006
0.1741987
0.02676341
0.4388927
0.8478423
0.02443218
0.9121293
0.0363123
0.1125047
0.7475457
0.7064006
0.6457035
0.2507666
0.4422461
0.5990505
0.3797445
0.008356467
0.01315773
0.8448864
0.04862145
0.812328
0.4882492
0.02354259
0.1174101
0.5883344
0.6128297
0.6662303
0.04267508
0.8226404
0.6398959
0.01562776
0.1112303
0.2261798
0.8751451
4.227129e-4
0.7226719
0.744265
0.3974574
0.7972965
0.5627697
0.1471041
0.005665615
0.001744479
0.7987855
0.5044606
7.413249e-4
0.1552934
0.2806972
0.1060032
0.973877
0.05115142
0.06733438
0.882328
0.6555584
0.01173186
0.6369085
0.1709874
0.4436625
0.5316498
0.08549842
0.3092271
0.3277886
0.7839274
0.2583659
0.7678927
0.05828076
0.0438265
0.001299685
0.7892334
0.1766215
0.5955142
0.5094006
0.709489
0.2390599
0.8235142
0.1400599
0.005123028
0.006410095
0.3688044
0.6626151
0.4510568
0.7219685
5.173502e-4
0.145265
0.4507918
0.2785016
0.1459716
0.4888328
0.04991483
0.8128454
0.3811893
0.01188013
0.01666877
0.4411987
0.3530158
0.02063722
0.4133565
0.799593
0.1549558
1.798107e-4
1.577287e-5
0.06157098
0.7709937
0.535388
0.02866877
0.03491483
0.9532744
0.5509495
0.8354826
0.8815016
0.2433722
0.04265931
0.3711798
0.03260252
0.3629968
0.3260379
0.9580379
0.02491483
0.0571388
0.008785489
0.2897981
0.5591073
0.9412902
0.8413375
0.444858
0.3444637
0.7630915
0.6269022
9.77918e-5
0.3857539
0.4417003
0.0223817
0.1394574
0.06857098
0.6980347
0.0669306
0.05288328
0.8698139
0.5692555
0.09832808
0.3849148
0.1469495
0.1153912
0.3180505
0.009514196
0.2056751
0.6597098
0.02260883
0.602407
0.3028991
0.8694132
0.002728707
0.1993123
0.04397792
0.06968454
0.2778801
0.6038423
0.4512271
0.09390852
0.443571
0.3198991
0.1901609
0.7889054
0.8549274
0.8781451
0.003135647
0.06734385
0.03766562
0.03427445
0.7095457
0.8989842
0.3085394
0.2052681
0.1279748
0.6166183
0.02504101
0.989694
0.2414416
0.1809653
0.4561104
0.04041956
0.8547918
0.6159306
0.02918297
7.318612e-4
0.05927129
0.6313533
0.7217319
0.7241546
0.4348991
0.5830568
0.1820789
0.6530158
0.4841861
0.5551073
0.2411262
0.02724606
0.1172902
0.04913565
0.003810726
0.006097792
0.7334637
0.4940473
0.9534984
0.834041
0.2245268
0.145429
0.5685741
0.3508139
0.6658391
0.64674450000000006
0.03246057
0.8519685
0.2319558
0.04782965
0.2161672
0.6566688
0.6388486
0.07383281
0.486183
0.5869558
0.434817
0.4246719
0.1113407
0.0849653
0.2027634
0.9734448
0.6136782
0.1312713
0.3934669
0.9392997
0.4913754
0.6104448
0.01076025
0.0914448
0.8823533
0.8524984
0.8635426
0.5515615
0.1007918
0.672571
0.8805868
0.9462334
0.01993375
0.2741703
0.5052934
0.4752524
0.2405174
0.05812934
0.00466877
0.1842492
0.4241041
0.02045741
0.1771924
0.9773596
0.4944511
0.6769243
0.006977918
0.2780789
0.8027192
0.128123
0.2667539
0.7843407
0.7854574
0.04691483
0.5169842
0.984754
0.3897382
0.5875899
0.4332303
0.2668707
4.763407e-4
0.09619874
0.02177918
0.7651861
0.1246246
0.1659464
0.00633754
0.5616972
0.1076404
5.899054e-4
0.02160252
0.06081703
0.2945174
0.6526782
0.7349716
0.2101199
0.7651199
0.001940063
0.19185169999999999
0.9773091
0.2163123
0.655489
0.4008391
0.8197098
0.6743218
0.5010978
0.3652808
0.2528864
0.2657224
0.615306
0.5478265
0.5370315
0.1124606
0.8456246
0.6409211
0.6691388
0.3640347
0.03505047
0.8363533
0.1355205
0.3084069
0.0344511
0.4451924
0.7035047
0.3352902
0.007706625
0.2733849
0.01541956
0.2619401
2.082019e-4
0.09539432
0.7104353
0.02082334
0.170918
0.5650946
0.2829338
0.09307886
0.14147
0.9037382
0.2697981
0.6755237
0.1361767
0.04207256
0.1062461
0.4665394
0.3765426
0.2619274
0.08624606
0.1046751
0.3640379
0.07929022
0.7840095
7.413249e-4
0.1591104
0.4574416
5.993691e-4
0.2189369
0.9158517
0.4208707
0.07470978
0.1074259
0.8742587
0.00185489
0.4686845
0.7247224
0.6296498
0.3025521
0.555877
0.1145615
0.3656246
0.3533186
0.5765331
0.07726183
0.1484353
0.2446909
0.5400505
0.2579117
0.3063817
0.1405394
0.5953375
0.4889685
0.00937224
0.9823912
0.3587603
0.288
0.06902839
0.4716025
5.678233e-4
0.3991767
0.2315552
0.5399054
0.00788959
0.7546877
0.005463722
0.8547823
0.1014795
0.4384006
0.7291136
0.032198740000000003
0.7983028
0.4571104
0.9905962
0.8086593
0.001996845
0.723407
0.02850789
0.3397319
0.4503628
0.006476341
0.005388013
0.4596972
0.8844953
0.02471924
0.525511
0.2428391
0.3606025
0.1558486
0.2141767
0.4020473
0.6640694
0.4513186
0.2351767
0.508959
0.2281798
0.5953785
0.006776025
0.07114196
0.02715773
0.01037855
0.2405363
0.9996593
0.1012208
0.2870599
0.001782334
0.9742681
0.987735
0.4690915
0.3939716
0.7368707
0.02496215
0.2029874
0.05166877
0.4478801
0.8520095
0.132142
0.9018391
0.9583407
0.7236625
0.3877224
0.7463344
0.3797634
0.5458549
0.3908139
0.9351798
0.9401356
0.07010095
0.2798076
0.5670284
0.003088328
0.1552934
0.01066877
0.86547
0.731183
0.9201167
0.5374259
0.6584259
0.8130568
0.7896656
0.08882019
0.6942555
0.2431041
0.05820189
0.6683155
0.03240694
0.1659306
0.7447003
0.4846404
0.7473186
0.2263785
0.01777287
0.4966972
0.1869495
0.5883375
0.4736782
0.1626656
0.6527066
0.5244574
0.854631
7.697161e-4
0.279694
0.7378864
0.1309211
0.8964448
0.7910978
0.044668769999999997
0.6979338
2.176656e-4
0.01487066
0.3512744
4.100946e-5
0.1095489
0.2387035
0.3558328
0.9948233
0.4407571
0.1159117
0.9000852
0.002123028
0.00233123
0.644817
0.01884858
0.06346372
0.8115331
0.8758833
0.07677603
0.02278233
0.04120189
0.3552965
0.2532808
0.1178707
0.600511
0.1616625
0.4432492
0.8213533
0.01005994
0.3613659
0.0685142
0.1315552
0.1576656
0.3057413
0.159164
0.2292524
0.07780442
0.04962461
0.9628233
0.05037224
0.007312303
0.5672997
0.003164038
0.28653
0.3480221
0.4164069
0.066
0.0888328
0.02925868
0.3285868
0.4281924
0.8507476
7.25552e-5
0.01004101
0.8777161
0.79729969999999994
0.005473186
0.3045457
0.5919306
0.4177918
0.1953407
0.2561041
0.2295521
0.2724763
0.003107256
0.1423785
0.01032177
0.2429338
0.3946625
0.1967981
0.6094732
0.06506625
0.4357319
0.1830978
0.694776
0.4606309
0.03804101
0.5095016
0.257041
0.3080189
0.8798517
0.1213218
0.09992114
0.3038486
0.2113407
0.2207571
0.784205
0.3337287
0.4017697
0.6212997
0.05466877
0.5776498
0.5764606
0.0367571
0.8770158
0.7854448
0.7889527
0.5885363
0.3645584
0.728287
0.8973785
0.06157413
0.01894637
0.7851262
0.6160757
0.03786751
0.787959
0.756448
8.138801e-4
0.1761546
3.312303e-4
0.895817
0.208142
0.1536025
0.00952366
0.01735647
0.468653
0.8274921
0.6071293
0.0835899
0.5493312
0.1117129
0.8642303
0.1620662
0.01688013
0.2610757
0.7238202
0.001116719
0.131836
0.4289527
0.00111041
0.5398454
0.2469937
0.003741325
0.008678233
0.04067192
0.2527256
0.771858
0.2411041
0.821735
0.03277918
0.8659369
0.002233438
0.4720631
0.5620347
0.8034101
0.6518076
0.3872208
0.09773502
0.813817
0.02781073
0.09194322
0.7387476
0.04012618
0.05160252
0.4110095
0.03095268
3.785489e-5
0.9930347
0.9535741
0.02078864
2.113565e-4
0.7888833
0.2124858
0.9691451
0.3208139
0.3654606
0.03116719
0.1090032
0.9692366
0.9908202
0.05229022
0.01069085
0.1224606
0.04657098
0.3516877
0.135836
0.2040915
0.2040915
0.1793754
0.3984132
0.3514669
0.05702839
0.06263407
0.366388
0.8554322
0.530224
0.323
0.8116467
0.0558959
0.4791262
0.6112334
0.8438675
0.1343912
0.042
0.1789148
0.6168486
0.9390126
0.5095363
0.06102208
0.2090095
0.6122524
0.01917981
0.00214511
0.3673028
0.1208612
0.1422082
0.04297476
0.2362839
0.06605994
0.02754574
0.8887666
0.4332681
0.1198486
0.1342871
0.2146088
0.04828707
0.1208675
0.2257003
0.5090158
0.003410095
0.1356814
0.5877476
0.01294006
0.8278801
0.05343218
0.06602839
0.8022776
0.06601577
0.02901893
0.4481609
0.08588013
0.3604259
0.7721199
0.03607571
0.2242429
0.8209748
0.09564353
0.08674448
0.4177697
0.09194006
0.004157729
0.04352366
0.2763722
0.19347
0.001419558
0.244694
0.2513186
0.88247
0.8835804
0.1358454
0.9392397
0.01620189
0.7275615
0.4855426
0.3738076
0.4467571
0.6469937
0.5265016
0.7985142
0.7168139
0.2279874
0.672183
0.1545741
0.5363218
0.7237571
0.6265804
0.2608013
0.6126088
0.007059937
0.5690757
0.6476467
0.1577823
0.7872082
6.435331e-4
0.5960631
0.8102997
0.01575079
0.112388
0.04171293
0.8953722
0.5412397
0.8857571
0.1338612
0.4911388
0.03270032
0.1602871
0.1865394
0.3700946
0.3152114
0.3819905
0.9673028
0.8683186
0.8974574
0.2502555
0.4859748
0.8421514
0.8542776
0.07989905
0.06105994
0.6594637
0.0947981
0.9239085
0.9524543
0.7680347
0.1995079
0.6496372
0.4695079
0.08828076
0.1255079
0.003164038
0.1561167
0.634918
0.6124101
0.4402997
0.3584069
0.22543849999999999
0.05773502
0.003063091
0.1775647
0.4398801
0.70906
0.3515363
0.9011199
0.144082
0.1752965
0.4564132
0.2705931
3.091483e-4
6.309148e-4
0.2583123
0.0258612
0.01735647
0.8369748
0.2536278
0.01398423
0.01108517
0.8221262
0.1680221
0.1590662
0.2231546
0.09271293
0.4380189
0.9478864
0.08724606
0.4790694
0.1638517
0.9033375
0.0300694
0.099694
0.5242965
0.003053628
0.5704227
0.4362177
0.05795584
0.8925426
0.02766246
0.4906972
0.5729874
0.6849842
0.0734101
0.002624606
0.3366057
0.008870662
0.001369085
0.1735868
0.1941073
0.71406
0.1413407
0.01974763
0.8899495
0.1586656
0.007646688
0.5879243
0.7728675
0.2129148
0.665164
0.8237666
0.7979495
0.3379274
0.02089905
0.005864353
0.2423028
0.3039306
0.008018927
1.009464e-4
0.96994
0.4134606
0.02016404
0.2150442
0.2111672
0.8397319
8.990536e-4
0.03567508
0.8383817
0.1461009
0.2034196
0.8284795
0.01350473
0.4038864
0.7237066
0.971612
0.2177476
0.5073659
0.06834385
3.533123e-4
0.7933123
0.3276719
0.1906088
0.05533754
0.1045394
0.7095868
0.1515237
0.117306
0.5070095
0.8449527
0.3774574
0.7948959
0.923246
0.9054101
0.1186088
0.6708454
0.1850221
0.007826498
0.747082
0.9568959
0.7403028
0.3178801
0.1496751
0.8013123
0.3020063
0.2996404
0.3503754
0.4507729
0.1840095
0.4063785
0.1819811
0.1342871
0.3693817
0.2689811
0.955675
0.8609495
0.3470126
0.8398044
0.5169685
0.3562744
0.07886435
0.05691798
0.911366
0.1536782
0.2133785
0.2754826
0.001391167
0.2596877
0.05110726
0.04677287
0.7956562
0.005665615
0.0121041
0.1447003
0.9372271
0.5223596
0.2317886
0.2039306
0.2761577
0.7914164
0.5075773
0.002722397
0.7521167
0.1920757
0.2568202
0.4060505
0.7801577
0.08571609
0.07270978
0.03909464
0.1867539
0.6108391
0.3792776
0.3939338
0.823817
0.01660883
4.826498e-4
3.154574e-6
0.05691167
6.876972e-4
0.1935584
0.3110158
0.5893407
0.3417445
0.1413312
0.03033754
0.5950852
0.6082618
0.7393091
0.7951356
0.04163091
0.1920252
0.5445994
0.1769369
0.0946183
0.8938675
0.7708265
0.03505047
0.05208517
0.001996845
0.4981577
0.0229306
0.9417508
0.9543628
0.1777886
0.08259621
0.8138927
0.0145489
0.03501577
0.1611104
0.8478486
0.2145836
4.353312e-4
0.5023596
0.7121703
0.003047319
0.9402271
0.732877
0.860183
0.2577666
0.1033155
0.7092082
0.06330284
0.8213849
0.1225394
0.7563218
0.9920852
0.7685552
0.01889274
0.4256435
0.003280757
0.4696467
0.9701262
0.2667098
0.4169874
3.40694e-4
0.07814826
0.01199054
0.0926246
0.02002208
0.08495584
0.1712461
0.008217666
0.005564669
0.2803375
0.4275552
0.07961199
0.07712934
0.2615142
0.98504100000000006
0.1711893
0.8963407
0.3266278
0.04031861
0.5722555
0.6528328
0.01929653
0.1598044
0.03148265
0.5580126
0.4237729
0.9702902
0.3347697
0.001148265
0.04326814
0.944877
0.7459306
0.4902524
0.4135868
0.06212618
0.2671199
0.5550126
0.7380568
0.175388
0.3552461
0.99606
0.5588454
0.716795
0.3678801
0.08916088
0.1901609
0.009832808
0.3117571
0.1472618
0.2866782
0.9798044
0.9854858
0.966571
0.451918
0.1662019
0.617795
0.831694
0.5540095
0.2555016
0.001712934
0.01457729
0.8920852
0.03831546
0.02073502
0.0613407
0.05782965
0.8686972
0.8136972
0.3817413
0.429735
0.005018927
0.0584858
0.2540379
0.2656372
0.3565931
0.5180252
0.2418959
0.07089905
0.1334353
0.2102208
0.4104984
0.6045363
0.7987792
0.5176814
4.858044e-4
0.07926498
0.4501956
0.1434385
0.7894858
0.1618833
0.1631514
0.4771861
0.4012492
0.2931104
0.0838328
0.005072555
0.01761199
7.981073e-4
0.07398423
0.3305773
0.0281041
0.7266972
0.002148265
0.2081956
0.1740631
0.2210158
0.852325
0.005003155
0.09221451
0.0844511
0.9236972
0.497918
0.2225268
0.302817
0.53947
0.001567823
0.2422934
0.09428076
0.6770978
0.2389464
0.1652524
0.09753628
0.8858833
0.001690852
0.9998517
0.01683281
0.03296215
0.934183
0.9037192
0.7221609
0.8711672
0.6317192
0.6725079
0.2207098
0.06400946
0.746981
0.02431861
0.6291893
0.7165678
0.2814164
0.5453155
6.277603e-4
0.3007571
0.8588139
0.01964353
0.5104511
0.31153
0.6521956
0.09046057
0.7971672
0.475142
0.006501577
0.04117666
0.00733754
0.2576877
0.08314511
0.1171861
0.4932461
0.7888896
0.12111040000000001
0.117735
0.7251073
0.1443533
0.0610694
0.5310915
0.811306
0.2963344
0.555899
0.6359464
0.03394637
0.277571
0.4912681
0.05125237
0.2099685
0.4838486
0.8825647
0.00692429
0.7803849
0.1424669
0.1696688
0.8554574
0.1656435
0.0127918
0.01477918
0.02096215
0.1842177
0.8332492
0.6910978
0.6376467
0.2388013
0.1383817
0.882959
0.09740379
0.32647
0.3054479
0.3509558
0.3204826
0.497858
0.04278549
0.5786656
0.9008202
0.7166625
0.6269306
0.1753502
0.01500315
0.5620726
0.03983596
0.7969874
0.3058328
0.03453628
0.1142744
0.7761577
0.5246562
0.2359369
0.03740694
0.3323028
0.0748959
0.6624858
0.5048896
0.4169211
0.5080568
0.6487192
0.008716088
0.009214511
0.1231735
0.06469716
0.3535268
0.6157224
0.4254858
0.1537855
0.3434637
0.854877
0.4701388
0.23847
0.7278013
0.3518707
0.9652429
0.976552
0.7219274
0.260164
0.6098927
0.5994416
0.02344795
0.07285174
0.03882019
0.7155394
0.1958991
0.06520189
0.74505999999999994
0.1961514
0.3528486
0.7887035
0.06495268
0.0168265
0.9903817
0.3151893
0.6123659
0.2668391
0.1220662
1.545741e-4
0.003148265
0.09597792
0.9136625
0.01386435
0.1870473
0.3912461
0.070306
0.2782681
0.7538549
0.2737981
0.458612
0.6119937
0.5140599
0.822041
0.04771924
0.02535647
0.3262587
0.3478991
0.4670662
0.4775868
0.004977918
0.3626562
0.5616372
0.06225237
0.2288202
0.4122271
0.02905994
0.5616341
0.9770379
0.01683281
0.01135016
0.00636593
0.3064038
0.7271609
0.5345426
0.7591167
0.8120915
0.4150379
0.9007918
0.705511
0.2844669
0.1987823
0.01847634
0.2082997
0.2256562
0.2070473
0.3902555
0.225164
0.001744479
0.1527855
0.1144574
0.28953
0.05360883
0.2293691
0.06025237
0.7138549
0.30953
0.2829338
0.1499968
0.2538644
0.09156151
0.7829338
0.9239464
0.9171388
0.06006309
0.7886782
0.001690852
0.207
0.1228801
0.02355836
0.5611388
0.0742019
0.6412366
0.863754
0.7967192
0.5623722
0.03636909
0.1961104
0.1586278
0.2365489
0.3504511
0.1418423
0.4652019
0.6285552
3.123028e-4
0.00666246
0.3746215
0.02757098
0.08425552
0.005665615
0.1223659
0.1553817
6.782334e-4
0.07997792
0.9053754
0.7506372
0.5176656
0.05178233
0.1839653
0.01004101
0.3094953
0.7934574
0.1956782
0.09195268
0.7571577
0.2262997
0.4258328
4.006309e-4
0.873694
0.5216341
0.04653312
0.02416404
0.06431861
0.6245205
0.1284196
0.4168675
0.6805363
0.3290315
0.945022
0.07488959
0.04805363
0.4110505
0.06815457
0.07780442
0.2587729
0.607041
0.125795
0.3689748
0.1946278
0.2570978
0.4337697
0.2262776
0.05453628
0.8184826
0.9563028
0.2340536
0.7845268
0.6674763
0.3244227
0.9918612
0.8845047
0.9344921
0.8943028
0.9148707
0.108224
0.570142
0.01853628
0.01851104
0.08642902
0.1339369
0.8648833
0.7095868
0.2278076
0.08750789
0.002044164
0.7232713
0.9818486
0.8376845
0.4706814
0.392959
0.7497256
0.3473123
0.122836
0.3545741
0.1569495
0.7998454
0.4378801
0.948
0.4698991
0.08781073
0.819429
0.9517855
0.7340694
0.1357508
0.1171073
0.004858044
0.2666909
0.6390505
0.1255394
0.2495426
0.2339369
0.2132303
0.3028833
0.1265363
0.7483249
0.6943312
0.889101
0.006794953
0.2129054
0.2243975
0.077653
0.07311672
0.1665521
0.4201262
0.436306
0.697388
0.4018139
0.4167571
0.6359117
0.7000726
0.252041
2.996845e-4
0.07238801
0.191164
0.02594637
0.03408202
0.9016404
0.4798202
0.8254826
0.006410095
0.7659842
0.02371924
0.1667098
0.01590536
0.1069811
0.257918
0.2893659
0.1424196
0.9529274
0.5303028
0.2168328
0.2621577
0.3350473
0.0625552
0.06229022
0.2248644
0.7256183
0.08533754
0.4042366
0.4961956
0.1999905
7.25552e-5
0.2417918
0.6296246
0.8557161
0.4627161
0.5713344
0.832672
0.9361798
0.5002492
0.9247382
0.451612
0.8237666
0.580836
0.1325584
0.5533091
0.7155836
0.9397855
0.147694
0.8004921
5.615142e-4
0.2959874
0.664959
0.5302082
0.0682713
0.4763975
0.1597413
0.3069306
0.7948044
0.004470032
0.3266972
0.2979685
0.1767445
0.8755205
0.874328
0.7030789
0.5974164
0.9733943
0.8862744
0.8267634
0.6501356
0.9695962
0.4439748
0.8604795
0.7677256
0.4576151
0.141123
0.05194006
0.266918
0.9528013
0.1467319
0.7263785
0.9926183
0.8684227
0.7732492
0.710183
0.9540757
0.1671009
0.2270126
0.824022
0.2910631
0.8042145
0.0291041
0.8904385
0.3376309
0.7617382
4.794953e-4
0.381205
0.04959306
0.02563091
0.7640252
0.6732334
0.004315457
0.5554196
0.4422902
0.5806656
0.3239274
0.8175773
0.1518423
0.7014543
0.3456404
0.6096088
0.5610442
0.6919621
0.1943438
0.2193281
0.9785016
0.9473375
0.01019874
0.4796719
0.3144038
0.756511
0.2715521
0.8524227
0.3075584
0.2278486
0.0842429
0.2192397
0.07713249
0.5189401
0.6021672
0.7403596
0.526123
0.004870662
0.1124921
0.2878233
0.3684132
0.005634069
0.644918
0.005671924
0.7783722
0.6537382
0.4041167
0.1741735
0.4084732
0.0316877
0.3799527
0.8509905
0.4505836
0.04106309
0.03163091
0.3593975
0.7226372
0.7073249
0.1819148
0.01066562
0.878735
0.8959432
0.1098801
0.2905047
0.789041
0.6103943
0.9698612
0.1934448
0.5026404
0.04497161
0.1087192
0.3164795
0.3203218
0.4545363
0.04381388
0.8655457
0.1647539
0.325347
0.4105615
0.01669085
0.8534164
0.1061483
0.6473628
0.6159811
0.1304259
0.02649842
0.941713
0.7859243
0.08653312
0.9759054
0.9895868
0.1861893
0.2557098
0.01851104
0.4109495
0.09824921
0.3842461
0.002066246
0.4065394
0.9458423
0.7561167
0.9130032
0.4591483
0.5754606
0.1003312
0.4934606
0.4007508
0.1742934
0.3250568
0.4615363
0.76606
0.5858833
0.4453028
0.03774448
0.02911672
0.6491514
0.5260662
0.2104543
0.1543438
0.4939874
0.09463407
0.6837161
0.3477823
0.2237192
0.04784858
0.2093975
0.1739716
0.9667792
0.6385899
0.7391956
0.759183
0.4824479
0.03427129
0.06529968
0.03118297
0.5613155
0.1340946
0.5979779
0.09687697
0.2072681
0.2420095
0.8829842
0.8098044
0.06487382
0.9362997
0.3312114
0.2530063
0.766593
0.3850284
0.2438675
0.8015584
0.05363407
0.61246370000000006
0.9121893
0.5564006
0.01847319
0.2973596
0.4210315
0.03876656
0.02100631
0.2300379
0.6638013
0.2544637
0.2702492
0.6486372
0.7869243
0.762082
0.8034574
0.7103565
0.3169022
0.830489
0.2466498
0.3795394
0.06044164
0.02816719
0.02941325
0.4169243
0.5128076
0.469123
0.7269369
0.01641325
0.2785678
0.2759527
0.5174448
0.2119148
0.561448
0.03132808
0.2830252
0.1464164
0.05854574
9.77918e-5
0.2947729
0.008473186
0.6834511
0.3674259
0.2053975
0.6427476
0.5559842
0.7241609
0.1316088
0.007974763
0.04111672
0.05695584
0.1630095
0.192388
0.6854259
0.02023975
0.2311893
0.7944416
0.04467508
0.02370347
6.687697e-4
0.7591136
0.7395615
0.7399685
0.1543659
0.05038486
0.774183
0.6585142
0.745366
0.2167413
0.114183
0.0318265
0.4957981
0.003082019
0.707
0.9454574
0.3710536
0.80206
0.004488959
0.001088328
0.04501262
0.001208202
0.0115489
0.7195678
0.1668139
0.04022082
0.1512461
0.008318612
0.01462145
0.1951735
0.8452587
0.6687319
0.05900631
0.231205
0.757306
0.3484606
0.6003375
0.8793502
0.4197319
0.8310631
0.0226877
0.2644826
0.6188391
0.1259117
0.1287035
0.9213628
0.6281356
0.02824606
0.5062366
0.6166183
0.04516088
0.6759716
0.4015205
0.9701987
0.5234953
0.8815899
0.0887287
0.4593218
0.06545426
0.00937224
7.413249e-4
0.8672429
0.5877603
0.001239748
0.05854574
0.07079811
0.01871924
0.6493186
0.060347
0.09142587
0.5343218
0.1836435
0.2503438
0.1992681
0.3739685
0.1955741
0.04406309
0.003776025
0.2842839
0.3197256
0.02163407
0.4057129
0.3820158
0.2465615
0.08226183
0.9788864
0.02366246
0.485082
0.1150379
0.07741325
0.02314511
0.001940063
0.5150915
0.6917729
0.2434795
0.7708076
0.5245741
0.7401041
0.2606814
0.18153
0.004470032
0.8702839
0.2618044
0.02080757
0.4021987
0.004451104
0.6524227
0.3033596
0.4010252
0.009138801
0.02911672
0.1030252
4.574132e-4
0.03417035
0.06618927
0.8658297
0.5248517
0.7460063
0.5792965
0.937918
0.01394006
0.2577634
0.7050379
0.2651893
0.520183
0.4384101
0.7128044
0.0996593
0.1592744
0.5000568
0.4742145
0.05582334
0.2383407
0.0572082
0.2067603
0.338918
0.5010063
0.187511
6.719243e-4
0.04614196
0.09817666
0.09372555
0.5363281
1.230284e-4
0.2812776
0.8920473
0.9020126
0.00811672
0.005826498
0.6188297
0.5262208
0.7564259
0.3734606
0.2996025
0.02404732
0.001905363
0.05336909
0.003315457
0.009432177
0.4913123
0.1527855
0.1405047
0.2640126
0.3199338
0.510858
0.262858
0.1237066
0.2723028
0.898101
0.1145678
0.04137224
9.463722e-5
0.1929495
0.1776057
0.1979085
0.984224
0.007545741
0.4031104
0.1322587
0.2636151
0.8035331
0.588101
0.1961577
0.2792303
0.7949369
0.0343123
0.06564984
0.4591073
0.05913249
0.111082
0.6181136
0.2375174
0.2440631
0.02094322
0.1318265
0.3822744
0.04542587
0.2776751
0.05782965
0.1990126
0.1802114
0.4281735
0.1230095
0.5858549
0.04418927
0.7590126
0.1485426
0.7640063
0.982
0.9863975
0.4481514
0.174511
0.00226183
0.6445868
0.03012618
0.241183
0.920328
0.07343533
0.9922618
0.05779495
0.7306814
0.6419338
0.2612524
0.5800315
0.4177319
0.2773659
0.8759748
0.1923533
0.2113312
0.1084448
0.001422713
0.9688076
0.07031546
0.9442082
0.05849211
0.5264763
0.9094669
0.9186909
0.9149148
0.2063691
0.3219653
0.09941325
0.04278233
0.1161041
0.2261009
0.1399148
0.1705868
0.8123817
0.003290221
0.02123659
0.0144858
0.3258139
0.01252997
0.3529968
0.8652618
0.02873502
0.2451609
0.007514196
0.1014227
0.02088328
0.5931703
0.2962082
0.01377287
0.8760662
0.9274763
0.4919054
0.05
0.002416404
0.02084543
0.9816278
0.5112681
0.318877
0.8975836
0.7877571
0.1445836
0.8825899
0.3926057
0.5596341
0.2999905
0.9283155
0.6570347
0.1503817
0.0949937
0.8814858
0.06776972
0.993347
0.02266246
0.1440221
0.1140347
0.6130032
0.1355016
0.007160883
4.826498e-4
0.04285174
0.5915931
0.01611041
0.2246215
0.7194732
0.2673123
0.02754574
0.05142902
0.04939117
0.2554227
0.9925174
0.3467066
0.3749621
0.5075489
0.03575079
0.8332082
0.08226814
0.2261199
0.3665016
0.1547413
0.593164
0.6860946
0.1164259
9.33754e-4
0.5216593
0.9433596
0.1561735
0.9306215
0.003656151
0.1055363
0.05970978
0.1150473
0.3637918
0.1388959
0.2746278
0.1251703
0.9318202
0.08469716
0.8684322
0.9208801
0.4429338
0.6094132
0.1531546
0.00207571
0.3897035
0.8877729
0.126959
0.3053596
0.7416814
0.5325016
0.006271293
0.875593
0.4233249
0.187694
0.300082
0.7776625
0.00240694
0.4203817
0.9437319
0.5686435
0.04945426
0.1375268
0.4684732
0.9984732
0.1171073
0.1368517
0.206877
0.1191861
0.5797918
0.074835960000000007
0.6252366
0.7424795
0.02233123
0.3100189
0.9046845
0.1150568
0.8981293
0.8886593
0.7102334
0.01481703
0.2125174
0.5050757
0.1164416
0.2202524
0.04941325
0.5495394
0.4752082
0.4021672
0.3907792
0.9820789
2.208202e-5
0.4589527
0.01741009
0.04536278
0.1828959
0.04285804
0.7431546
0.00917981
0.03562776
0.1316625
0.2851262
0.5829085
0.5468896
0.7762965
0.8222082
0.6243785
0.8149716
0.09977603
0.1555521
0.04504416
0.6940284
0.6816183
0.001870662
0.002725552
0.04008833
0.01139432
0.5161356
0.1520442
0.6474543
0.007933754
0.8272776
0.7269653
0.8272429
0.3275899
0.1014543
0.1727224
0.5546877
0.8927823
0.01566562
0.505123
0.8986372
0.6407224
0.4351483
0.6101987
0.002375394
0.01083912
0.04325552
0.4969117
0.1264669
0.5019117
6.340694e-4
0.01028076
0.04029653
0.5849306
0.4003628
0.7231703
0.2268959
0.9360252
0.0811388
0.1699621
0.107571
5.299685e-4
0.01180442
1.009464e-4
0.1190599
0.6747192
0.1122902
0.3299148
0.500918
0.6595868
0.02301262
0.9821514
0.851265
0.9202429
0.494694
0.2139054
0.2537792
0.07708202
0.005189274
0.01158044
0.03027129
0.9599874
0.001624606
0.4235773
0.9708801
0.9058044
0.9729338
0.371653
0.7524543
0.5251262
0.005050473
0.5986435
0.8697287
0.219836
0.06191167
0.2532808
0.2475174
0.09388328
0.6262397
0.2471546
0.842776
0.9726025
0.765959
0.9203533
0.6324795
0.06497161
0.6672114
0.366817
0.4081546
0.2906782
0.8691767
0.2676246
0.02344795
4.384858e-4
0.04637224
0.3533438
0.5979779
0.04917035
0.9309306
0.1183785
0.05808202
0.7054984
0.8307098
0.7070505
0.3580536
0.1079306
0.3272776
0.2284353
0.859123
0.8808076
0.9772492
0.03147634
0.5345079
4.416404e-5
0.837489
0.5731073
0.5635647
0.5586751
0.1913754
0.372205
0.3080726
0.1705615
0.802101
0.277224
0.832347
0.5010694
0.3841514
0.4049211
0.498388
0.7507287
0.7517603
0.4509306
0.6599874
0.3090505
0.4437476
0.6079117
0.6887886
0.00747634
0.341183
0.1787382
0.3571893
0.4812965
0.05933754
0.2213218
0.04517666
0.07000315
0.3173155
0.4054006
0.9312082
0.6835615
0.419653
0.3691735
0.4902461
0.4693975
0.4162461
0.8797192
0.1104732
0.2524511
0.8861703
0.06285489
0.01801577
0.68006
0.02389905
0.4070379
0.6488801
0.249041
0.1017129
0.1890126
0.09404416
0.5516562
0.7878013
0.1360915
0.8091041
0.3528013
0.2559495
0.1525584
0.6776309
7.886435e-5
0.08714511
0.7170284
0.8452303
0.8933817
0.510164
0.485142
0.8450063
0.1597129
0.1046246
0.2274416
0.5420442
0.6356372
0.06206309
0.9939274
0.5581356
0.1015741
0.27153
0.2620347
0.7750694
0.4749054
0.827164
0.1932555
5.047319e-5
0.317142
0.06308517
0.3029401
0.117858
0.8624101
0.4430536
0.575899
0.008094637
0.318489
0.0060347
0.003529968
0.2524732
0.1185521
0.8445426
0.06795584
0.6058644
0.8170032
0.8677192
0.008873817
0.243388
0.1603281
0.3290505
0.7500757
0.9490946
0.3241514
0.9228044
0.683142
0.6551703
0.7198139
0.2564606
0.9749558
0.3877603
0.9517666
0.406735
0.6830789
0.4605331
0.9485079
0.5915426
0.002022082
0.006712934
0.09436278
0.08855205
0.4512271
0.1222713
0.464082
0.8914858
0.6408486
0.2502082
0.1267508
0.962511
0.1795836
0.6104322
0.6316972
0.0808265
0.5221041
0.1933943
4.637224e-4
0.7353312
0.5677603
0.03624921
0.485858
0.6399811
0.9934006
0.898593
0.666246
0.3578423
0.4679842
0.3122271
0.0693817
0.3712082
0.7542524
0.06636909
0.06957098
0.9810789
0.0144164
0.2021924
0.1050915
0.2640568
0.02676341
0.1694574
0.001239748
0.06898107
0.0029053630000000002
0.01188328
0.03729022
0.007242902
0.2774259
1.324921e-4
0.03580126
0.6648076
0.07829653
0.01722713
0.02394953
0.9251987
0.08984227
0.326347
0.8621893
0.668101
0.6545899
0.02434069
0.01310726
0.3805142
0.7254164
0.001287066
0.9632555
0.2858896
0.00551735
0.002690852
3.470032e-4
0.4233785
0.9784259
2.902208e-4
3.470032e-5
0.6836593
0.340612
0.00855205
0.3817666
7.791798e-4
0.06186751
0.04156151
0.2152713
0.04832808
0.003410095
0.01695584
0.02260252
0.4428927
0.5271861
0.1348549
0.007347003
0.2120315
0.1778612
0.03350789
0.7300662
0.2193155
0.3477508
0.2225836
0.141489
0.05840063
0.02456782
0.6560568
0.5681861
0.001470032
0.4765931
0.04109148
0.4464069
0.3734984
0.4660347
0.1671136
0.8296498
0.5060252
0.1146814
0.0336877
0.1381893
0.2089842
0.7127287
0.2178202
0.009899054
0.8022744
0.01204101
0.1532839
0.6089842
0.4604953
0.07456467
0.01929653
0.3871798
0.2212934
0.7303565
0.001088328
0.3317129
0.7783691
0.89506
0.7895363
0.05208202
0.4459811
0.7979527
0.005864353
0.7103565
0.3623155
0.9449527
0.04705678
0.9063123
0.197123
0.02278233
0.394142
0.04316088
0.02204732
0.005438486
0.976795
0.679817
0.2106057
0.7609243
0.5440757
0.3162808
0.7525331
0.4854448
0.7163975
0.194776
0.8092303
0.4106183
0.4097855
0.01650789
0.1103312
0.2132303
0.2973628
0.05196845
0.9929558
0.001365931
0.2838265
0.1517886
0.1943659
0.6554132
0.4355331
0.452
0.3737508
0.9309495
0.1022965
0.003041009
0.5817666
0.3922145
0.7061136
0.1185363
7.791798e-4
0.3865079
0.5369811
0.3018202
0.2806719
0.8810347
0.2041546
0.3201924
0.3015174
0.1643722
0.01354574
0.9516435
0.1754259
0.03235016
0.2216845
0.7960315
0.9898107
0.8203975
0.09077918
0.1027981
0.01729338
0.1054259
0.1836025
0.4087382
0.6232114
0.2848454
0.2094511
0.1542587
0.7643249
0.9617035
0.6493281
0.308142
0.821164
0.6119243
0.08649842
0.006712934
4.100946e-4
0.9437571
0.649571
0.8952334
0.2760379
0.1972618
0.1583817
0.8957256
0.9247729
0.4456909
0.6076814
0.8498801
0.2729369
0.02015773
0.9550284
0.38619559999999997
0.9512776
0.2905615
0.1279401
0.06511041
0.3213533
0.2787792
0.5255457
0.2026372
0.394795
0.3563249
0.6471735
0.07114826
0.4812366
0.01892429
0.005788644
0.08439432
0.1200063
0.871164
0.4334921
0.03928391
0.4260536
0.04441325
0.2558833
0.03488013
0.9992681
0.3210347
0.04097792
0.821918
0.08315142
0.7664606
0.02434069
0.1837129
0.4554826
0.04910726
0.7251987
0.02551735
0.4500915
0.6112366
0.006381703
0.06195899
0.9425836
0.09615773
0.01782019
0.5142681
0.02749211
0.557918
0.009495268
0.6098423
0.005788644
0.122795
0.04115457
0.05249211
0.3374132
0.5399716
0.2546751
0.01792114
