DNA line         tg  sex age    weight cage
3   #50-69-1     1   1   113    31.6   1
3   #50-69-2     1   1   113    31.2   1
3   #50-69-3     1   1   113    28.6   1
3   #50-69-4     0   1   113    30.1   1
3   #50-69-11    0   1   121    31.3   2
3   #50-69-12    0   1   121    36.4   2
3   #50-69-13    1   1   121    36.5   2
3   #50-69-15    1   1   121    29.8   2
3   #50-69-16    1   1   121    35.6   2
3   #50-69-17    1   1   121    33.5   2
3   #50-69-18    1   1   118    38.6   3
3   #50-69-19    0   1   121    34.1   4
3   #50-69-20    1   1   121    32.5   4
3   #50-69-21    1   1   121    30.3   4
3   #50-69-22    0   1   121    29.4   4
3   #50-69-23    0   1   121    34.8   4
3   #50-69-24    1   1   121    33.2   4
3   #50-69-25    1   1   121    30.5   4
3   #50-69-26    1   1   121    32.6   4
3   #50-69-27    0   1   121    30.3   4
3   #50-69-28    1   1   121    29.8   4
3   #50-69-5     0   0   112    23.1   5
3   #50-69-6     1   0   112    26.3   5
3   #50-69-7     0   0   112    25.0   5
3   #50-69-8     0   0   112    25.3   5
3   #50-69-9     1   0   112    25.8   5
3   #50-69-10    1   0   112    29.3   5
3   #50-69-29    0   0   121    26.2   6
3   #50-69-30    0   0   121    24.7   6
3   #50-69-31    1   0   121    25.7   6
3   #50-69-32    0   0   121    25.5   6
3   #50-69-33    1   0   121    26.3   6
3   #50-69-34    0   0   121    25.7   6
3   #50-69-35    1   0   121    26.8   6
3   #50-69-36    1   0   121    24.4   6
3   #50-69-37    0   0   121    23.2   6
3   #50-69-38    0   0   121    27.1   6
1   #4-77-117    1   1   119    31.2   7
1   #4-77-118    1   1   119    28.4   7
1   #4-77-119    1   1   119    30.8   7
1   #4-77-120    1   1   119    30.3   7
1   #4-77-121    1   1   119    30.5   7
1   #4-77-122    1   1   119    31.4   7
1   #4-77-123    1   1   119    29.7   7
1   #4-77-124    1   1   119    31.0   7
1   #4-77-125    1   1   119    30.3   7
1   #4-77-126    1   1   119    28.0   7
1   #4-77-183    1   1   114    34.3   8
1   #4-77-184    1   1   114    31.9   8
1   #4-77-185    1   1   114    33.3   8
1   #4-77-186    1   1   114    38.6   8
1   #4-77-187    1   1   114    31.3   8
1   #4-77-188    1   1   114    38.1   8
1   #4-77-189    1   1   114    38.8   8
1   #4-77-190    1   1   114    38.8   8
1   #4-77-191    1   1   114    38.6   8
1   #28-79-1     1   1   115    32.4   9
1   #28-79-2     0   1   115    28.1   9
1   #28-79-3     1   1   115    30.0   9
1   #28-79-4     0   1   115    29.1   10
1   #28-79-5     1   1   115    31.4   10
1   #28-85-6     0   1   109    30.9   11
1   #28-85-7     1   1   109    31.7   11
1   #28-85-8     1   1   109    40.9   11
1   #28-79-9     1   1   121    34.5   12
1   #28-79-10    1   1   121    29.6   12
1   #28-79-11    0   1   121    29.8   12
1   #28-79-12    0   1   121    30.1   12
1   #28-79-13    1   1   121    31.5   12
1   #28-79-14    1   1   121    31.4   12
1   #28-85-28    1   1   114    31.7   13
1   #28-85-29    0   1   114    32.4   13
1   #28-85-30    1   1   114    30.0   13
1   #28-85-31    1   1   114    33.3   13
1   #28-85-32    0   1   114    34.5   13
1   #28-82-36    1   1   112    30.0   14
1   #28-82-37    0   1   112    28.8   14
1   #28-82-38    1   1   112    31.7   14
1   #28-82-39    1   1   112    29.2   14
1   #28-79-42    0   1   114    34.9   15
1   #28-79-43    1   1   114    33.5   15
1   #28-79-44    1   1   114    31.5   15
1   #28-79-45    1   1   114    34.6   15
1   #28-79-46    1   1   114    32.6   15
1   #28-79-47    0   1   114    30.6   15
1   #28-79-48    1   1   114    33.7   15
1   #28-79-49    1   1   114    33.3   15
1   #28-79-50    0   1   114    32.0   15
1   #28-81-51    1   1   121    32.1   16
1   #28-81-52    1   1   121    33.5   16
1   #28-81-53    0   1   121    33.5   16
1   #28-81-54    1   1   121    31.8   16
1   #28-81-55    1   1   121    30.9   16
1   #28-81-56    0   1   121    33.4   16
1   #28-81-57    1   1   121    32.7   16
1   #28-81-58    1   1   121    32.2   16
1   #28-82-69    1   1   120    29.2   17
1   #28-82-70    0   1   120    29.8   17
1   #28-82-71    1   1   120    33.5   17
1   #28-82-72    1   1   120    32.6   17
1   #28-82-73A   1   1   113    29.4   18
1   #28-82-79    1   1   120    31.3   19
1   #28-82-80    1   1   120    31.1   19
1   #28-82-81    0   1   120    31.0   19
1   #28-82-82    1   1   120    34.1   19
1   #28-82-83    0   1   120    32.9   19
1   #28-82-127   1   1   102    28.8   20
1   #28-82-128   1   1   102    26.1   20
1   #28-82-129   1   1   102    29.3   20
1   #28-82-130   0   1   102    29.3   20
1   #28-82-131   0   1   102    29.0   20
1   #28-82-132   1   1   102    28.9   20
1   #28-82-133   0   1   102    29.8   20
1   #28-82-134   1   1   102    29.2   20
1   #28-81-135   0   1   113    31.8   21
1   #28-81-136   0   1   113    28.9   21
1   #28-81-137   0   1   113    30.9   21
1   #28-81-138   0   1   113    29.6   21
1   #28-81-139   1   1   113    32.7   21
1   #28-81-140   0   1   113    29.1   21
1   #28-81-141   1   1   113    31.8   21
1   #28-81-142   0   1   113    30.7   21
1   #28-85-153   1   1   115    31.8   22
1   #28-85-154   1   1   115    32.7   22
1   #28-85-155   0   1   115    29.1   22
1   #28-85-156   0   1   115    32.3   22
1   #28-85-157   1   1   115    32.7   22
1   #28-85-158   0   1   115    30.5   22
1   #28-85-159   0   1   115    31.9   22
1   #28-85-160   1   1   115    32.1   22
1   #28-85-161   0   1   115    31.2   22
1   #28-85-15    0   0   115    27.1   23
1   #28-85-16    1   0   115    26.0   23
1   #28-85-17    1   0   115    25.7   23
1   #28-85-18    0   0   115    27.6   23
1   #28-85-19    0   0   115    23.0   23
1   #28-79-20    1   0   115    28.7   24
1   #28-81-21    1   0   113    26.9   25
1   #28-81-22    0   0   113    27.2   25
1   #28-79-23    0   0   115    25.7   26
1   #28-79-24    1   0   115    23.2   26
1   #28-79-25    1   0   115    27.1   26
1   #28-79-26    0   0   115    28.9   26
1   #28-79-27    1   0   115    23.1   26
1   #28-85-33    1   0   109    22.8   27
1   #28-85-34    1   0   109    27.0   27
1   #28-85-35    0   0   109    25.1   27
1   #28-85-40    0   0   109    27.7   28
1   #28-85-41    1   0   109    23.8   28
1   #28-82-73    1   0   120    23.2   29
1   #28-79-74    1   0   121    25.2   30
1   #28-79-75    1   0   121    24.4   30
1   #28-79-76    1   0   121    24.1   30
1   #28-79-77    0   0   121    26.2   30
1   #28-81-78    0   0   119    29.0   31
1   #28-82-110   0   0   102    23.8   32
1   #28-82-111   0   0   102    25.7   32
1   #28-82-112   1   0   102    24.4   32
1   #28-81-59    0   0   121    25.4   33
1   #28-81-60    0   0   121    24.1   33
1   #28-81-61    0   0   121    25.1   33
1   #28-81-62    1   0   121    25.6   33
1   #28-81-63    0   0   121    25.0   33
1   #28-81-64    1   0   121    25.2   33
1   #28-81-65    0   0   121    24.3   33
1   #28-81-66    0   0   121    26.2   33
1   #28-81-67    0   0   121    25.3   33
1   #28-81-68    0   0   121    28.1   33
1   #28-82-84    0   0   120    23.2   34
1   #28-82-85    1   0   120    24.2   34
1   #28-82-86    1   0   120    27.5   34
1   #28-82-87    1   0   120    22.6   34
1   #28-82-88    1   0   120    23.9   34
1   #28-82-89    0   0   120    22.3   34
1   #28-82-90    1   0   120    23.1   34
1   #28-82-91    0   0   120    25.1   34
1   #28-82-92    1   0   120    26.1   34
1   #28-85-104   1   0   115    23.3   35
1   #28-85-105   1   0   115    22.9   35
1   #28-85-106   0   0   115    27.0   35
1   #28-85-107   0   0   115    26.2   35
1   #28-85-108   1   0   115    25.3   35
1   #28-85-109   1   0   115    25.8   35
1   #28-85-113   1   0   115    23.8   35
1   #28-85-114   0   0   115    23.3   35
1   #28-85-115   1   0   115    25.3   35
1   #28-85-116   0   0   115    26.7   35
1   #28-81-143   0   0   113    25.8   36
1   #28-81-144   0   0   113    25.8   36
1   #28-81-145   1   0   113    24.3   36
1   #28-81-146   0   0   113    24.2   36
1   #28-81-147   1   0   113    29.1   36
1   #28-81-148   1   0   113    23.6   36
1   #28-81-149   0   0   113    24.8   36
1   #28-81-150   0   0   113    28.1   36
1   #28-81-151   0   0   113    26.4   36
1   #28-81-152   1   0   113    22.8   36
1   #28-79-163   0   0   115    30.2   37
1   #28-79-164   1   0   115    28.5   37
1   #28-79-165   0   0   115    24.4   37
1   #28-79-166   0   0   115    25.5   37
1   #28-79-167   1   0   115    21.9   37
1   #28-79-168   1   0   115    24.8   37
1   #28-79-169   0   0   115    24.0   37
1   #28-79-170   0   0   115    23.9   37
1   #28-79-171   1   0   115    30.4   37
1   #28-79-172   1   0   115    28.8   37
1   #28-82-193   1   0   113    23.0   38
1   #28-82-194   0   0   113    23.1   38
1   #28-82-195   0   0   113    23.1   38
1   #28-82-196   0   0   113    25.7   38
1   #28-82-197   1   0   113    21.9   38
1   #28-82-198   0   0   113    22.5   38
1   #28-82-199   0   0   113    23.1   38
2   #12-14-1     1   1   170    31.1   39
2   #12-14-2     1   1   170    33.4   39
2   #12-14-3     1   1   170    31.4   39
2   #12-14-4     0   1   170    33.2   39
2   #12-14-5     1   1   170    30.3   39
2   #12-14-6     1   1   170    32.4   39
2   #12-14-17    0   1   182    41.3   40
2   #12-14-18    0   1   182    33.0   40
2   #12-14-19    0   1   182    31.0   40
2   #12-14-20    0   1   182    29.1   40
2   #12-14-21    1   1   182    27.2   40
2   #12-14-22    0   1   182    35.0   40
2   #12-14-23    1   1   182    37.7   40
2   #12-14-24    0   1   182    35.0   40
2   #12-14-25    1   1   182    31.0   40
2   #12-14-26    1   1   182    33.8   41
2   #12-14-27    1   1   182    32.9   41
2   #12-14-28    1   1   182    37.1   42
2   #12-14-29    0   1   182    33.2   42
2   #12-14-30    0   1   182    41.5   42
2   #12-14-46    0   1   182    33.9   43
2   #12-14-47    1   1   182    35.1   44
2   #12-14-48    1   1   140    31.5   45
2   #12-14-49    0   1   140    28.9   45
2   #12-14-50    1   1   140    36.5   45
2   #12-14-51    1   1   140    29.5   45
2   #12-14-52    1   1   140    30.0   45
2   #12-14-53    1   1   140    29.3   45
2   #12-14-59    0   1   144    28.8   46
2   #12-14-63    1   1   143    32.9   47
2   #12-14-64    0   1   143    31.6   47
2   #12-14-65    1   1   143    32.2   47
2   #12-14-66    0   1   143    29.5   47
2   #12-14-67    1   1   143    32.4   47
2   #12-14-68    0   1   143    29.6   47
2   #12-14-69    1   1   143    31.4   47
2   #12-14-70    1   1   143    32.6   47
2   #12-14-71    1   1   143    36.2   47
2   #12-14-72    0   1   143    31.0   47
2   #12-9-2      0   1   168    33.1   48
2   #12-9-3      0   1   168    31.9   48
2   #12-9-4      1   1   169    34.2   49
2   #12-9-5      0   1   169    30.6   49
2   #12-9-6      1   1   169    35.0   49
2   #12-9-7      1   1   185    36.3   50
2   #12-9-9      0   1   185    33.0   50
2   #12-9-10     0   1   185    35.1   50
2   #12-9-11     1   1   185    34.1   50
2   #12-9-12     0   1   185    33.3   50
2   #12-9-13     0   1   185    32.6   50
2   #12-9-14     0   1   185    38.6   50
2   #12-9-21     1   1   183    34.8   51
2   #12-9-22     0   1   183    36.3   51
2   #12-9-23     0   1   183    32.6   51
2   #12-9-24     0   1   183    37.0   51
2   #12-9-25     0   1   183    33.7   51
2   #12-9-26     0   1   183    36.5   51
2   #12-9-27     0   1   183    33.7   51
2   #12-9-28     1   1   183    31.7   51
2   #12-9-30     1   1   183    36.1   51
2   #12-9-42     0   1   166    32.3   52
2   #12-9-44     1   1   166    36.9   52
2   #12-9-47     1   1   166    35.3   52
2   #12-9-48     0   1   166    32.9   52
2   #12-9-49     1   1   166    33.5   52
2   #12-9-50     1   1   166    35.4   52
2   #12-9-61     1   1   156    31.8   53
2   #12-9-62     0   1   156    36.3   53
2   #12-9-63     0   1   156    35.6   53
2   #12-9-82     0   1   143    31.6   54
2   #12-9-83     0   1   143    27.5   54
2   #12-9-84     1   1   143    32.3   54
2   #12-9-85     0   1   143    30.5   54
2   #12-9-87     1   1   143    34.2   54
2   #12-9-88     1   1   143    35.0   54
2   #12-9-89     1   1   143    30.7   54
2   #12-14-7     0   0   170    28.4   55
2   #12-14-8     1   0   170    28.8   55
2   #12-14-9     0   0   170    24.7   55
2   #12-14-10    0   0   170    24.0   55
2   #12-14-11    1   0   170    27.6   55
2   #12-14-12    0   0   170    26.5   55
2   #12-14-13    1   0   170    29.0   55
2   #12-14-14    0   0   170    25.0   55
2   #12-14-15    0   0   170    28.8   55
2   #12-14-16    1   0   170    26.5   55
2   #12-14-31    1   0   182    31.4   56
2   #12-14-32    0   0   182    33.8   56
2   #12-14-33    1   0   182    28.5   56
2   #12-14-34    0   0   182    26.8   56
2   #12-14-35    1   0   182    29.0   56
2   #12-14-36    0   0   182    26.2   56
2   #12-14-37    1   0   182    27.8   56
2   #12-14-38    0   0   182    23.0   56
2   #12-14-39    1   0   182    29.6   56
2   #12-14-40    1   0   182    28.4   56
2   #12-14-41    1   0   182    26.7   57
2   #12-14-42    0   0   182    25.5   57
2   #12-14-43    0   0   182    30.5   57
2   #12-14-44    1   0   182    29.9   57
2   #12-14-45    1   0   182    23.3   57
2   #12-14-54    1   0   143    29.6   58
2   #12-14-56    0   0   143    29.2   58
2   #12-14-57    0   0   143    25.6   58
2   #12-14-58    0   0   143    27.7   58
2   #12-14-62    0   0   143    27.2   59
2   #12-14-73    1   0   143    26.1   60
2   #12-14-74    1   0   143    27.3   60
2   #12-14-75    0   0   143    25.4   60
2   #12-14-76    0   0   143    28.3   60
2   #12-14-77    0   0   143    27.9   60
2   #12-14-78    0   0   143    26.4   60
2   #12-14-79    1   0   143    28.4   60
2   #12-14-80    1   0   143    29.0   60
2   #12-14-81    0   0   143    25.5   60
2   #12-14-82    1   0   143    27.7   60
2   #12-9-15     0   0   185    28.1   61
2   #12-9-16     0   0   185    32.9   61
2   #12-9-17     0   0   185    26.1   61
2   #12-9-18     1   0   185    32.9   61
2   #12-9-19     1   0   185    28.1   61
2   #12-9-20     0   0   185    27.0   61
2   #12-9-31     0   0   183    30.6   62
2   #12-9-32     1   0   183    26.4   62
2   #12-9-33     0   0   183    30.6   62
2   #12-9-34     1   0   183    31.2   62
2   #12-9-35     0   0   183    34.0   62
2   #12-9-36     0   0   168    27.1   63
2   #12-9-37     0   0   168    26.5   63
2   #12-9-38     0   0   168    27.1   63
2   #12-9-39     0   0   168    23.9   63
2   #12-9-40     0   0   168    26.4   63
2   #12-9-51     1   0   168    28.9   64
2   #12-9-52     0   0   168    23.7   64
2   #12-9-53     0   0   168    25.1   64
2   #12-9-54     1   0   168    26.2   64
2   #12-9-55     1   0   168    25.9   64
2   #12-9-56     0   0   168    25.4   64
2   #12-9-57     0   0   168    26.5   64
2   #12-9-58     0   0   168    25.9   64
2   #12-9-59     1   0   168    25.7   64
2   #12-9-60     0   0   168    32.2   64
2   #12-9-64     0   0   165    24.9   65
2   #12-9-65     1   0   165    29.6   65
2   #12-9-66     0   0   165    25.6   65
2   #12-9-67     0   0   165    24.4   65
2   #12-9-68     1   0   165    30.5   65
2   #12-9-69     0   0   165    29.7   65
2   #12-9-70     0   0   165    27.5   65
2   #12-9-71     1   0   165    30.8   65
2   #12-9-72     0   0   165    24.7   65
2   #12-9-73     0   0   165    30.3   65
2   #12-9-74     1   0   143    25.5   66
2   #12-9-75     0   0   143    23.0   66
2   #12-9-76     0   0   143    23.7   66
2   #12-9-77     0   0   143    27.2   66
2   #12-9-78     0   0   143    24.1   66
2   #12-9-80     0   0   143    25.8   66
4   #67-4-56     1   1   115    31.8   70
4   #67-4-57     1   1   115    29.3   70
4   #67-4-58     0   1   115    31.5   70
4   #67-4-59     1   1   115    28.7   70
4   #67-4-60     0   1   115    26.8   70
4   #67-4-61     1   1   115    28.7   70
4   #67-4-62     0   1   115    29.3   70
4   #67-4-63     0   1   115    32.0   70
4   #67-4-73     1   1   116    32.6   71
4   #67-4-74     0   1   116    30.9   71
4   #67-4-75     1   1   116    31.9   71
4   #67-4-76     1   1   116    30.1   71
4   #67-4-77     1   1   116    30.7   71
4   #67-4-78     1   1   116    29.8   71
4   #67-4-79     1   1   116    29.4   71
4   #67-4-80     1   1   116    30.4   71
4   #67-4-81     0   1   116    31.6   71
4   #67-4-82     1   1   116    28.8   71
4   #67-4-121    1   1   109    25.3   72
4   #67-4-122    0   1   109    27.3   72
4   #67-4-123    1   1   109    28.0   72
4   #67-4-124    0   1   109    25.6   72
4   #67-4-125    0   1   109    30.1   72
4   #67-4-126    1   1   109    27.5   72
4   #67-4-127    0   1   109    26.1   72
4   #67-4-128    0   1   109    27.4   72
4   #67-4-129    1   1   109    26.3   72
4   #67-4-130    0   1   119    29.3   73
4   #67-4-131    1   1   119    30.2   73
4   #67-4-132    1   1   119    29.3   73
4   #67-4-133    0   1   119    31.9   73
4   #67-4-134    0   1   119    27.4   73
4   #67-4-135    1   1   119    29.6   73
4   #67-4-136    1   1   119    26.0   73
4   #67-4-137    1   1   119    29.1   73
4   #67-3-7      1   1   116    31.7   74
4   #67-3-8      0   1   116    32.6   74
4   #67-3-9      1   1   116    29.4   74
4   #67-3-10     1   1   116    32.1   74
4   #67-2-27     1   1   110    31.8   75
4   #67-2-28     1   1   113    25.9   76
4   #67-2-29     1   1   113    35.1   76
4   #67-2-30     1   1   113    35.7   76
4   #67-2-52     1   1   116    31.7   77
4   #67-2-53     0   1   116    32.3   77
4   #67-2-54     1   1   116    33.0   77
4   #67-2-55     1   1   116    28.4   77
4   #67-4-68     0   1   116    32.2   78
4   #67-4-69     0   1   116    31.4   78
4   #67-4-70     1   1   116    30.8   78
4   #67-2-101    1   0   115    26.1   79
4   #67-2-102    0   0   115    27.3   79
4   #67-2-103    0   0   115    23.7   79
4   #67-2-104    0   0   115    25.8   79
4   #67-2-105    1   0   115    26.7   79
4   #67-2-106    0   0   115    25.5   79
4   #67-2-107    0   0   115    25.2   79
4   #67-2-108    0   0   115    25.9   79
4   #67-2-109    1   0   115    24.5   79
4   #67-2-110    1   0   115    29.0   79
4   #67-3-111    1   0   119    26.3   80
4   #67-3-112    0   0   119    26.3   80
4   #67-3-113    0   0   119    26.8   80
4   #67-3-114    0   0   119    27.0   80
4   #67-3-115    1   0   119    25.6   80
4   #67-3-118    0   0   119    24.1   80
4   #67-3-119    1   0   119    26.6   80
4   #67-3-120    1   0   119    26.7   80
4   #67-4-152    1   0   108    22.3   81
4   #67-4-153    0   0   108    23.8   81
4   #67-4-154    0   0   108    26.4   81
4   #67-4-155    0   0   108    22.5   81
4   #67-3-1      1   0   115    26.7   82
4   #67-3-2      0   0   115    25.7   82
4   #67-3-3      0   0   115    23.6   82
4   #67-3-4      1   0   115    24.6   82
4   #67-3-5      0   0   115    22.9   82
4   #67-3-6      0   0   115    24.6   83
4   #67-3-71     1   0   118    27.9   84
4   #67-4-12     1   0   115    25.1   85
4   #67-4-13     1   0   115    27.0   85
4   #67-2-20     1   0   115    27.9   86
4   #67-2-21     0   0   115    25.5   86
4   #67-2-22     0   0   115    24.6   86
4   #67-2-23     1   0   115    26.9   86
4   #67-2-24     0   0   115    26.1   86
4   #67-2-25     0   0   115    29.8   86
4   #67-2-26     1   0   115    25.4   86
4   #67-2-31     0   0   113    29.1   87
4   #67-2-32     0   0   113    26.6   87
4   #67-4-33     1   0   115    24.6   88
4   #67-4-34     1   0   115    25.8   88
4   #67-4-35     0   0   115    22.9   88
4   #67-4-36     1   0   115    23.5   88
4   #67-4-37     0   0   115    25.3   88
4   #67-4-38     0   0   115    24.7   88
4   #67-4-39     0   0   115    24.2   88
4   #67-4-40     1   0   115    22.9   88
4   #67-4-41     0   0   115    23.8   88
4   #67-4-42     0   0   115    23.3   88
4   #67-4-64     0   0   120    24.7   89
4   #67-4-65     0   0   120    23.5   89
4   #67-4-66     0   0   120    25.7   89
4   #67-4-67     0   0   120    25.5   89
4   #84-35-93    0   1   113    36.0   90
4   #84-35-94    0   1   113    35.9   90
4   #84-35-96    1   1   113    34.1   90
4   #84-35-97    0   1   113    33.0   90
4   #84-35-98    0   1   113    36.3   90
4   #84-35-99    0   1   113    38.6   90
4   #84-35-100   0   1   113    39.3   90
4   #84-35-138   1   1   116    29.6   91
4   #84-35-139   0   1   116    30.2   91
4   #84-35-140   1   1   116    33.2   91
4   #84-35-141   1   1   116    29.7   91
4   #84-35-142   1   1   116    29.2   91
4   #84-35-143   1   1   116    32.8   91
4   #84-35-144   1   1   116    32.2   91
4   #84-35-145   0   1   120    29.2   92
4   #84-35-146   0   1   120    32.0   92
4   #84-35-147   1   1   120    30.2   92
4   #84-35-148   0   1   120    31.8   92
4   #84-35-149   1   1   117    31.1   92
4   #84-35-150   0   1   120    30.3   92
4   #84-35-151   0   1   120    32.8   92
4   #84-35-160   1   1   102    31.2   93
4   #84-35-161   0   1   102    28.7   93
4   #84-35-162   1   1   102    28.2   93
4   #84-35-152   1   0   101    23.1   94
4   #84-35-153   1   0   101    22.4   94
4   #84-35-154   1   0   101    24.2   94
4   #84-35-155   0   0   101    24.2   94
4   #84-35-156   0   0   101    24.3   94
4   #84-35-157   1   0   101    25.0   94
4   #84-35-158   1   0   101    26.6   94
4   #84-35-159   1   0   101    24.3   94
4   #84-35-15    0   0   112    26.4   95
4   #84-35-16    1   0   112    27.2   95
4   #84-35-17    0   0   112    27.6   95
4   #84-35-18    1   0   112    28.4   95
4   #84-35-19    1   0   112    28.3   95
4   #84-35-43    1   0   116    25.3   96
4   #84-35-44    0   0   116    24.0   96
4   #84-35-45    0   0   116    23.5   96
4   #84-35-46    1   0   116    25.0   96
4   #84-35-47    1   0   116    25.1   96
4   #84-35-48    0   0   116    24.6   96
4   #84-35-49    0   0   116    25.4   96
4   #84-35-50    1   0   116    27.3   96
4   #84-35-51    0   0   116    26.7   96
4   #84-35-72    1   0   119    23.3   97
4   #84-35-84    1   0   120    25.5   98
4   #84-35-85    1   0   120    25.7   98
4   #84-35-86    0   0   120    24.8   98
4   #84-35-87    0   0   120    26.6   98
4   #84-35-88    0   0   120    26.1   98
4   #84-35-89    0   0   120    24.4   98
4   #84-35-90    1   0   120    26.1   98
4   #84-35-91    0   0   120    26.1   98
4   #84-35-92    0   0   120    25.4   98

